data	V1	V2	V3	V4	V5	V6	V7	V9	V10	V11	V12	V13	V14	V15	V16	V17	V21	V22	V23	V24	V25	V26	V28	V29	V30	V31	V32	V33	V34	V35	V36	V37	V38	V40	V46	V47	V66	V67	V69	V70	V71	V75	V76	V81	V82	V83	V84	V85	V86	V87	V88	V89	V93	V94	V95	V96	V97	V107	V112	V113	V114	V115	V116	V117	V118	V119	V120	V121
1T05	0.61	0.35	1.29	0.19	0.50	0.79	0.70	0.99	0.85	0.67	0.67	0.49	0.41	0.70	0.76	0.62	1.53	0.78	2240.14	2190.17	2215.47	19.56	1000.00	1000.00	1000.00	78276.44	42784832.00	76031.53	159708511.00	75776.04	503251.67	1027786.07	1145318.59	3.56	-68.10	-5.43	5909.04	9270.43	61960.00	1715.90	12363.70	2012678.10	144.95	279.31	88.20	76.50	89.00	71.60	92.20	86.70	78.60	89.20	211.94	199.22	10.20	2.52	5.15	149478.00	-9320.46	-74996.79	-3.73	30.49	25.57	4.92	992405.36	866603.82	125801.55	175468.70
2T05	-0.02	0.12	-0.16	-0.06	0.16	-0.20	-0.05	-0.45	-0.44	-0.41	0.76	0.42	0.36	0.34	0.30	0.49	1.59	0.78	2345.36	2312.56	2323.77	19.18	1033.65	1029.68	1035.56	78494.18	43504601.00	74561.86	159920729.00	75288.89	513644.03	1050018.49	1174288.14	3.30	71.60	-0.62	6172.85	10224.83	59885.00	1245.70	12144.90	2066440.60	132.74	317.50	89.50	83.40	89.90	74.60	93.70	87.60	79.40	90.30	213.77	199.94	10.48	3.34	5.48	148526.00	-7623.65	-82541.57	-3.99	29.86	25.78	4.08	992627.11	885240.99	107386.12	180881.80
3T05	0.35	0.16	0.92	-0.02	0.27	0.44	0.09	-0.13	-0.53	-0.69	0.24	0.29	0.30	0.30	0.39	0.51	1.50	0.78	2454.68	2412.12	2430.54	18.52	1058.26	1048.74	1064.95	80105.57	45680939.00	78288.95	162195289.00	78288.95	537869.65	1109859.42	1234582.85	3.60	108.30	12.62	6315.16	10654.22	57008.00	2313.60	12489.00	2114047.40	109.24	316.93	88.10	83.10	88.70	74.00	92.70	84.50	72.40	88.10	198.86	185.51	10.96	2.38	3.86	144472.00	-4964.75	-83229.44	-3.94	30.18	26.64	3.54	1007390.82	912441.52	94949.31	181538.90
4T05	0.36	0.38	0.53	0.23	0.36	0.29	0.46	0.07	-0.01	0.06	0.37	0.36	0.30	0.31	0.32	0.43	1.47	0.78	2568.65	2545.38	2553.00	16.87	1108.36	1101.86	1106.64	101247.24	58179315.00	87459.50	169322667.00	88565.82	580696.41	1166453.39	1298800.58	3.61	13.20	4.82	6566.02	10916.34	53799.00	501.80	13547.20	2170584.50	130.16	312.16	90.40	82.40	91.10	74.90	93.50	91.00	87.80	92.20	194.56	185.57	7.46	1.54	1.68	183687.00	6026.48	-81285.90	-3.74	30.60	28.45	2.16	1040046.12	972139.88	67906.24	198480.00
1T06	0.43	0.37	0.68	0.30	0.32	0.14	0.22	-0.45	-0.23	-0.03	0.20	0.25	0.53	0.23	0.29	0.45	1.42	0.72	2684.68	2686.02	2677.53	15.23	1193.86	1174.72	1251.57	88735.30	48628660.00	83489.83	167242327.00	82149.36	577567.49	1217947.58	1338582.92	4.04	594.50	-1.71	7706.32	11396.77	59824.00	1263.40	12455.60	2225144.40	137.75	309.43	90.80	86.00	91.10	74.50	93.50	90.70	81.60	93.30	212.79	199.77	9.89	3.13	4.51	156775.00	-7974.31	-73223.35	-3.29	30.83	29.93	0.90	1060502.67	1021197.19	39305.46	190223.30
2T06	-0.21	-0.15	0.06	-0.42	-0.26	-0.31	-0.40	0.67	0.75	0.57	0.90	0.04	-0.16	0.11	0.01	0.30	1.18	0.66	2781.37	2761.35	2765.74	14.66	1179.40	1184.64	1161.77	94634.88	50652361.00	83674.05	167620322.00	83593.60	599137.48	1251909.78	1374954.77	4.11	265.00	0.27	7365.29	11463.25	62670.00	561.50	11006.80	2271563.60	134.40	360.36	90.60	84.10	90.90	75.30	93.50	90.00	84.20	92.10	205.42	193.89	8.70	2.83	4.18	146954.00	-8773.48	-75458.80	-3.32	30.49	30.44	0.04	1066702.33	1045532.25	21170.10	199071.90
3T06	0.21	0.05	0.22	0.16	0.25	0.25	0.19	0.24	0.29	0.36	0.11	0.24	0.23	0.24	0.25	0.32	1.06	0.60	2889.85	2925.85	2894.72	13.58	1253.88	1244.23	1287.04	100371.55	56057682.00	88636.99	174233250.00	89541.54	610457.74	1292498.22	1430836.32	4.25	20.40	0.59	8108.86	12576.86	73393.00	2196.40	12783.50	2336552.20	131.36	359.46	90.20	87.20	91.00	75.70	93.30	89.50	79.20	92.20	188.60	177.73	8.91	1.96	3.80	159288.00	-2588.92	-75299.78	-3.22	30.50	31.50	-1.01	1088215.74	1092112.71	-3896.98	201055.40
4T06	0.48	0.35	0.83	0.40	0.25	1.04	0.63	0.26	0.32	0.47	0.36	0.31	0.35	0.57	0.55	0.38	0.99	0.55	2988.14	3086.34	3020.13	12.60	1353.15	1331.08	1420.17	121102.00	68810851.00	102776.22	187864030.00	108078.76	657427.29	1365957.85	1506072.05	4.16	105.80	6.06	7212.97	12264.83	85839.00	383.80	13029.90	2409449.90	127.50	354.23	93.20	88.70	93.40	83.00	95.90	92.60	86.90	94.50	177.69	168.81	7.66	1.22	2.71	204801.00	8493.10	-75915.39	-3.15	30.54	32.49	-1.95	1120052.63	1147868.30	-27815.66	221359.30
1T07	0.37	0.41	0.21	0.21	0.66	0.11	0.48	0.22	0.34	0.38	0.27	0.27	0.23	0.25	0.33	0.29	1.05	0.53	3080.03	3214.31	3128.82	12.14	1422.24	1383.93	1529.12	107235.70	58994611.00	98530.72	194873228.00	99404.16	646115.71	1403437.44	1568197.31	4.20	-595.80	4.35	9582.71	12888.96	109531.00	185.50	11623.20	2486603.30	127.87	349.49	94.90	91.00	95.40	85.40	97.90	92.90	89.20	93.60	234.95	220.28	11.15	3.53	4.98	193464.00	-6801.05	-84858.36	-3.41	30.41	34.25	-3.84	1139113.87	1215974.31	-76860.46	217588.90
2T07	0.28	0.29	-0.05	0.55	0.32	0.55	0.42	0.26	0.26	0.15	0.92	0.34	0.22	0.25	0.36	0.34	0.91	0.53	3177.36	3365.06	3248.41	11.17	1529.50	1453.42	1726.19	115604.13	61275981.00	102746.49	203955119.00	105868.55	673213.59	1468643.96	1648374.41	3.97	-224.50	4.06	9298.62	13118.08	147101.00	399.90	12564.40	2575281.90	129.77	376.31	97.10	91.40	97.20	90.80	98.10	96.80	93.20	98.30	232.86	217.88	11.71	3.27	5.75	198767.00	-8365.57	-87416.43	-3.39	30.09	36.47	-6.38	1153731.32	1300339.17	-146607.85	228988.60
3T07	0.18	0.29	-0.04	0.26	0.29	0.24	0.23	1.17	1.29	1.47	0.51	0.24	0.25	0.21	0.30	0.34	0.80	0.51	3261.62	3402.96	3310.75	11.04	1543.47	1485.02	1724.50	120340.06	66158600.00	111324.46	218432219.00	112221.17	709585.17	1498606.02	1755455.82	3.79	107.20	10.66	10690.91	14165.68	162962.00	481.50	5977.00	2649280.20	131.81	371.98	97.00	90.80	97.80	95.50	97.70	96.70	95.60	96.30	241.70	226.92	11.96	2.83	5.77	204034.00	-2676.98	-85114.23	-3.21	30.15	35.95	-5.80	1181191.02	1318042.56	-136851.56	223002.70
4T07	0.74	0.70	0.18	1.00	0.97	0.82	0.70	1.47	1.76	1.59	0.59	0.25	0.59	0.39	0.57	0.40	0.84	0.51	3344.53	3398.46	3344.24	11.45	1543.18	1506.44	1691.42	146616.87	82095431.00	135046.02	234671897.00	152979.69	779565.81	1600005.61	1827747.53	3.53	-5.00	1.40	10592.47	14230.80	180334.00	-568.20	408.00	2720262.90	139.90	365.73	98.90	97.90	99.80	97.60	101.90	97.20	97.30	96.90	217.03	206.23	9.09	1.70	4.12	242258.00	10656.14	-88077.96	-3.24	30.02	36.55	-6.52	1211762.25	1372835.52	-161073.28	242460.20
1T08	0.48	0.23	0.47	0.53	0.44	0.31	0.45	0.70	0.74	0.61	0.66	0.31	0.36	0.46	0.47	0.39	0.84	0.51	3431.09	3473.76	3423.66	11.99	1566.39	1537.53	1706.28	128876.81	70084180.00	116733.52	242582015.00	117618.22	780089.12	1636587.62	1882375.45	3.33	8.00	-3.97	11624.73	12612.77	195232.00	-4401.70	-10771.70	2800891.80	147.72	392.78	100.50	94.90	101.30	103.90	102.00	98.10	100.50	96.70	268.29	251.35	13.67	3.27	6.63	232177.00	-13192.51	-101723.71	-3.63	28.65	35.31	-6.66	1204373.19	1374575.49	-170202.30	242124.40
2T08	0.74	0.90	0.22	1.19	0.75	0.96	0.77	1.89	1.98	1.96	1.92	0.44	0.55	0.51	0.64	0.49	0.96	0.51	3518.66	3467.61	3457.75	13.34	1629.35	1585.87	1791.75	132793.11	72744870.00	116268.60	248087169.00	117807.00	870906.83	1721026.84	1977271.70	3.32	487.90	-10.44	15864.68	18593.31	200827.00	-2856.20	-19647.70	2899758.40	142.59	383.09	102.80	97.90	102.50	108.10	103.00	99.80	102.50	99.00	292.42	273.98	14.69	3.75	7.34	256070.00	-10376.93	-104976.58	-3.62	28.74	34.68	-5.94	1243642.84	1400943.55	-157300.70	265791.20
3T08	0.26	0.26	0.17	0.22	0.37	0.38	-0.09	0.36	0.11	-0.42	0.95	0.22	0.62	0.42	0.51	0.45	1.10	0.51	3635.68	3646.86	3609.75	14.30	1625.09	1614.84	1739.21	136936.18	77450507.00	118341.73	258397675.00	121931.74	1003158.65	1825938.71	2082000.87	3.27	125.00	-11.02	17259.34	20017.21	206494.00	-2796.40	-27491.10	3020522.30	141.28	379.51	103.10	99.60	103.10	113.90	101.40	100.70	104.90	99.10	286.61	266.89	16.27	3.45	7.95	268734.00	-6860.18	-116302.59	-3.85	25.90	33.17	-7.27	1206972.42	1407415.16	-200442.73	265271.20
4T08	0.28	0.29	0.29	0.17	0.37	0.16	0.52	-0.44	-0.13	0.03	0.17	0.34	0.33	0.34	0.30	0.33	1.12	0.51	3777.13	3888.38	3808.51	12.69	1713.39	1714.23	1818.23	147549.71	92181718.00	131618.35	271156743.00	134985.10	1086785.08	1894808.84	2165026.98	3.77	-20.60	2.60	11501.17	13817.40	193783.00	-3153.10	-30640.50	3109803.10	128.66	375.11	83.70	76.60	84.10	81.90	83.00	84.40	56.90	91.40	91.31	84.60	5.82	891.00	5.36	194550.00	20951.78	-103583.68	-3.33	23.42	32.90	-9.48	1168238.34	1438784.68	-270546.33	264404.80
1T09	0.20	0.11	0.14	0.14	0.30	0.40	0.61	-0.84	-0.74	-0.31	-0.25	0.39	0.25	0.23	0.28	0.35	0.97	0.51	3930.38	4133.61	4003.98	9.83	1840.89	1817.82	1988.51	135056.37	78847370.00	116418.57	275496475.00	117318.74	1073712.24	1922395.33	2201970.40	4.50	535.10	7.18	10052.62	11809.23	190388.00	-1562.50	-25201.30	3153875.10	130.88	415.51	87.90	84.50	88.10	77.60	87.80	90.60	84.90	92.10	266.16	254.37	9.38	2.42	5.62	271417.00	-8148.27	-80808.81	-2.56	24.17	33.17	-9.01	1199737.60	1459573.57	-259835.97	262181.70
2T09	0.36	0.38	0.23	0.69	0.16	0.13	0.12	-0.32	-0.10	-0.03	0.70	0.23	0.32	0.27	0.37	0.38	0.76	0.51	4033.04	4228.20	4101.34	8.79	1929.08	1876.03	2116.04	139185.84	81542120.00	120660.94	283038102.00	124949.83	1112294.17	1997955.51	2261608.86	5.31	96.80	-3.26	9863.75	14467.78	201467.00	-605.60	-20619.40	3187927.60	139.99	409.05	91.50	88.70	91.30	84.00	91.20	93.50	93.90	93.20	276.45	264.04	9.39	3.02	4.07	300129.00	-3361.68	-59463.45	-1.87	26.53	33.76	-7.23	1274406.16	1484057.39	-209651.21	275701.20
3T09	0.24	0.19	0.37	0.01	0.34	0.16	0.18	0.25	0.42	0.35	0.15	0.28	0.35	0.31	0.39	0.39	0.69	0.49	4124.80	4326.38	4195.06	8.82	2004.38	1926.93	2221.71	145698.46	85769234.00	123936.35	300498349.00	128696.32	1139974.84	2108364.06	2391092.56	5.74	289.70	8.90	12554.33	13863.22	221629.00	-2442.10	-19347.90	3228168.00	148.81	407.14	95.50	90.10	96.00	91.30	95.50	96.40	100.10	95.20	263.77	249.63	11.48	2.66	6.09	308690.00	5418.70	-34523.39	-1.07	28.38	34.79	-6.41	1341606.53	1529216.20	-187609.67	283157.90
4T09	0.37	0.38	0.51	0.16	0.45	0.18	0.24	-0.11	-0.26	-0.07	0.10	0.33	0.44	0.46	0.47	0.42	0.73	0.49	4213.58	4416.25	4283.51	9.21	2038.09	1970.82	2245.81	166072.84	105573929.00	141851.14	319631931.00	149140.19	1185866.14	2196530.42	2497479.45	5.41	8.40	2.30	12293.77	14462.62	238520.00	-5939.80	-26261.20	3333039.40	156.63	403.70	99.00	90.80	100.40	102.20	99.60	98.80	103.30	97.20	240.59	226.62	12.19	1.79	6.16	293019.00	-155.54	-64768.83	-1.94	27.98	34.46	-6.48	1362710.72	1557916.98	-195206.25	313522.80
1T10	0.52	0.55	-0.14	0.53	1.03	0.34	0.86	0.63	0.94	1.10	0.75	0.42	0.46	0.42	0.40	0.46	0.76	0.49	4312.08	4582.61	4422.19	9.84	2139.77	2048.13	2378.91	156710.27	94575451.00	135776.53	328636026.00	139746.21	1183495.17	2363486.15	2659498.43	5.02	148.80	5.82	15054.83	15727.50	243762.00	-8048.10	-42029.50	3463309.60	159.92	432.78	103.00	98.70	103.00	104.30	102.00	102.00	104.50	100.90	318.01	297.38	16.73	3.89	7.90	353741.00	158.60	-65124.44	-1.88	27.37	33.87	-6.50	1382153.06	1586395.81	-204242.73	311651.60
2T10	0.00	0.19	0.12	-0.09	-0.01	0.04	-0.21	0.34	0.85	1.30	1.09	0.37	0.40	0.36	0.29	0.40	0.79	0.49	4401.35	4696.70	4524.39	11.34	2174.24	2087.05	2413.02	159627.97	95800804.00	141500.52	341889866.00	144262.76	1213647.69	2429332.14	2741751.03	4.54	192.90	-3.34	14827.22	17093.91	253114.00	-6558.70	-57174.70	3603877.00	160.55	428.27	102.40	96.80	102.60	107.10	102.50	100.90	101.60	100.10	284.00	264.03	16.11	3.86	7.69	262773.00	-2179.33	-70730.88	-1.96	26.53	32.89	-6.36	1401395.51	1607338.59	-205943.08	321023.20
3T10	0.45	0.31	0.19	0.88	0.28	0.53	0.46	1.10	1.15	1.12	0.21	0.52	0.34	0.37	0.39	0.43	0.85	0.49	4537.52	4879.64	4684.54	10.76	2264.46	2151.75	2547.47	176001.73	103808803.00	147769.95	361242172.00	150821.25	1280552.64	2567999.14	2872131.56	4.22	141.10	6.58	17755.25	18832.79	275206.00	-7319.30	-73181.50	3748968.60	162.62	426.57	101.70	102.20	101.50	108.00	100.20	101.10	102.90	100.50	278.44	258.47	16.49	3.48	8.24	307034.00	-28157.02	-103130.80	-2.75	26.16	32.24	-6.08	1432956.20	1636804.92	-203848.72	331255.90
4T10	0.63	0.69	0.26	0.95	0.63	0.54	0.72	0.38	0.69	1.27	0.67	0.55	0.71	0.60	0.71	0.52	0.93	0.49	4650.55	4986.40	4791.83	11.60	2385.46	2227.72	2736.63	206853.32	121706380.00	166172.23	379604273.00	166032.78	1387911.55	2681421.36	2976783.49	4.00	450.50	2.36	15574.08	20918.14	288575.00	-4122.60	-79014.20	3885847.00	164.26	415.88	102.70	100.00	103.70	110.50	102.40	102.30	109.80	99.90	264.78	247.24	15.54	2.00	4.23	381542.00	-10853.16	-101696.05	-2.62	25.76	31.41	-5.65	1475820.18	1668741.24	-192921.07	355797.40
1T11	0.79	0.60	1.05	0.27	1.05	0.35	0.71	0.61	0.62	0.84	0.43	0.43	0.69	0.70	0.70	0.49	0.92	0.49	4777.13	5063.27	4888.90	12.03	2430.61	2303.27	2745.10	179918.78	105471446.00	150544.01	385733263.00	152946.56	1421898.02	2774165.61	3096759.66	4.05	172.70	1.79	17732.08	19285.98	317146.00	-6137.40	-78026.80	4015980.50	160.29	435.04	104.90	98.70	106.10	114.50	104.00	105.10	109.00	104.00	296.32	275.59	16.84	3.90	7.49	306135.00	-13600.38	-121857.63	-3.03	25.60	32.10	-6.50	1507304.97	1742087.58	-234782.61	347879.60
2T11	0.15	0.23	-0.12	0.19	0.32	0.01	-0.18	-0.13	-0.18	-0.22	0.37	0.40	0.50	0.56	0.42	0.54	0.96	0.49	4908.62	5236.01	5043.71	12.47	2472.93	2356.45	2781.06	190510.86	106135493.00	148924.94	389558700.00	154364.46	1483845.14	2859691.24	3188121.32	4.34	78.10	-3.43	19259.53	23689.08	335775.00	-5589.00	-77736.20	4158548.00	153.81	428.54	102.90	100.80	103.00	115.50	102.40	100.40	100.80	99.00	296.05	272.10	19.75	4.19	6.65	304319.00	-13369.93	-137829.50	-3.31	25.51	32.00	-6.48	1542174.82	1786073.44	-243898.61	370951.20
3T11	0.53	0.53	0.62	0.52	0.47	0.25	0.50	0.75	0.65	0.63	0.14	0.53	0.44	0.45	0.51	0.58	0.94	0.49	5102.41	5582.50	5322.63	10.71	2641.92	2520.59	2969.40	188504.75	112364900.00	147305.11	409310509.00	150158.81	1564422.90	3009561.83	3300817.55	4.60	-150.30	-7.38	20212.98	23285.06	349708.00	-5069.60	-74648.70	4272947.90	154.08	424.84	100.10	100.60	99.80	109.60	99.80	96.60	92.30	98.10	261.13	238.31	18.54	4.27	6.94	311648.00	-8096.48	-129394.40	-3.03	23.22	32.10	-8.88	1481259.56	1829558.35	-348298.78	361724.60
4T11	0.50	0.56	0.19	0.51	0.73	0.61	0.79	-0.16	-0.12	0.19	0.11	0.62	0.49	0.41	0.54	0.58	0.91	0.49	5236.92	5766.63	5484.48	10.16	2745.86	2577.20	3132.83	214235.31	131375615.00	158595.08	420872648.00	160792.83	1649901.27	3126468.03	3420779.73	4.83	-133.00	-0.21	18325.71	22127.20	352012.00	-6591.10	-76287.90	4376382.00	158.17	418.94	102.40	102.00	103.60	117.00	101.60	101.10	104.90	100.10	261.25	238.01	18.60	4.64	5.47	348414.00	-1933.69	-128710.48	-2.94	23.06	31.89	-8.83	1508546.91	1861219.74	-352672.83	391595.10
1T12	0.21	0.25	0.18	-0.08	0.49	0.15	0.60	0.56	0.43	0.27	0.51	0.48	0.22	0.21	0.26	0.28	0.82	0.49	5388.58	5995.19	5679.14	8.91	2905.86	2693.31	3349.12	201956.13	116998568.00	145577.90	429860852.00	148173.90	1648106.10	3280594.77	3560241.32	5.06	696.30	-1.98	18886.75	20910.73	365216.00	-6122.90	-78346.30	4489323.30	164.42	473.01	98.20	101.00	98.00	103.30	97.60	97.90	93.50	99.50	313.18	294.81	15.53	2.84	7.88	300512.00	-10441.92	-135421.00	-3.02	23.27	31.74	-8.47	1538168.37	1885914.05	-347745.67	392996.50
2T12	0.08	0.18	0.15	-0.31	0.39	0.23	0.11	0.69	0.66	0.73	0.73	0.32	-0.09	0.05	0.07	0.39	0.64	0.49	5525.73	6352.55	5938.36	7.64	3078.50	2780.30	3601.07	198858.46	120691223.00	149653.67	449801588.00	152913.77	1691859.07	3378112.77	3643522.44	5.25	225.10	-0.25	18552.56	19352.83	373910.00	-7064.70	-80518.90	4585734.80	162.35	466.22	99.00	100.20	98.80	99.90	98.50	99.40	101.70	97.70	277.72	265.55	8.82	3.36	6.35	353169.00	-2794.22	-116179.86	-2.53	21.61	31.39	-9.79	1503397.40	1912794.84	-409397.43	398714.50
3T12	0.57	0.48	0.30	0.92	0.43	0.55	0.54	0.88	0.97	1.05	0.22	0.39	0.39	0.47	0.51	0.49	0.54	0.45	5635.24	6528.77	6085.78	7.27	3270.71	2891.61	3897.84	202200.01	128434260.00	153611.00	474052528.00	155189.76	1737700.02	3509444.35	3757564.16	5.26	545.80	3.70	17445.09	19998.38	378726.00	-4811.40	-78645.70	4703849.50	158.29	459.25	100.70	96.60	101.10	98.50	101.30	100.50	102.30	100.30	288.05	273.84	11.05	3.16	6.49	288079.00	-1590.59	-99889.48	-2.12	21.29	30.92	-9.63	1534581.04	1947351.29	-412770.25	393524.70
4T12	0.79	0.69	0.33	0.86	1.00	0.82	0.66	0.66	0.68	0.63	0.16	0.47	0.88	0.76	0.67	0.56	0.55	0.45	5737.46	6758.72	6268.52	7.09	3478.38	3014.91	4204.60	233371.45	149638726.00	176396.68	497139074.00	183846.90	1792891.49	3609680.51	3860098.79	5.13	279.10	6.05	17505.25	19748.29	373147.00	-8860.80	-83800.10	4814760.00	161.81	450.23	101.30	101.10	102.00	100.10	101.70	102.40	105.50	101.60	268.32	256.78	8.91	2.63	5.78	359306.00	-22252.31	-104951.19	-2.18	20.82	29.89	-9.07	1550083.08	1939737.09	-389653.98	423195.90
1T13	0.47	0.49	0.26	0.36	0.69	-0.17	0.72	0.31	0.21	0.22	0.50	0.52	0.31	0.35	0.46	0.47	0.55	0.41	5817.56	6733.01	6280.50	7.48	3401.15	3026.45	4043.74	207717.49	133353634.00	164205.48	514654970.00	169180.35	1784054.64	3690666.04	3937286.92	4.91	680.90	-1.87	19157.19	19320.43	376934.00	-6432.90	-86718.90	4926909.40	159.96	480.89	101.20	93.00	102.30	111.90	99.90	101.30	102.30	100.80	328.93	308.61	16.53	3.79	8.74	283889.00	-3500.02	-89699.09	-1.82	21.22	29.93	-8.70	1596279.86	1976048.17	-379768.30	427409.80
2T13	0.26	0.38	0.38	0.11	0.32	0.32	0.35	0.76	0.75	0.63	1.15	0.39	0.38	0.46	0.43	0.36	0.61	0.41	5899.63	6640.29	6248.64	8.91	3206.89	2998.86	3713.62	214567.51	134955444.00	170053.20	539315239.00	175804.39	1847726.38	3781611.18	4076016.56	4.63	-111.50	-11.31	18826.25	21134.04	369402.00	-3537.30	-83931.60	5066372.70	145.04	475.07	103.20	97.00	104.10	117.70	100.30	107.00	111.40	104.20	323.85	303.64	16.14	4.08	8.41	318602.00	-5428.56	-91450.05	-1.81	20.14	29.36	-9.21	1580271.02	1993264.21	-412993.18	442857.00
3T13	0.35	0.27	0.16	0.61	0.23	0.25	0.30	1.36	1.50	1.05	0.43	0.45	0.52	0.48	0.46	0.43	0.71	0.41	6025.92	6746.25	6359.75	9.64	3175.62	3048.19	3616.57	229574.84	140713932.00	169761.56	567882037.00	171086.11	1892309.00	3856984.37	4161521.07	4.35	891.20	4.65	18858.49	20850.46	368654.00	-4283.50	-88255.10	5190057.00	136.70	473.65	103.50	96.00	103.90	118.60	100.60	103.40	106.40	102.70	322.78	302.38	17.15	3.24	8.90	309837.00	9047.87	-74100.37	-1.43	20.42	28.78	-8.36	1635596.72	2012523.68	-376926.97	438766.70
4T13	0.92	0.75	0.91	0.68	1.13	0.65	0.69	0.69	0.60	0.44	0.10	0.36	0.96	0.74	0.79	0.58	0.79	0.41	6164.51	6783.17	6432.11	10.28	3129.91	3098.66	3486.95	249509.78	163879089.00	187720.43	599825987.00	190771.86	1985467.61	3947967.10	4267350.45	3.97	-291.30	-1.86	18206.25	20845.84	358808.00	-4322.80	-79792.20	5331619.00	136.60	464.90	98.80	97.20	99.90	93.60	99.20	100.60	101.50	100.70	231.11	221.89	7.58	1.64	6.67	353813.00	-10407.34	-91306.12	-1.71	19.23	28.07	-8.84	1626334.87	2032449.95	-406115.08	473552.50
1T14	0.92	0.73	-0.02	0.80	1.54	0.74	0.85	1.48	1.67	1.29	0.28	0.55	0.88	0.58	0.59	0.59	0.77	0.41	6303.28	6977.13	6601.73	10.97	3208.09	3190.76	3560.77	228014.05	146575525.00	171493.82	614875533.00	174460.89	2004771.52	3987162.59	4323341.81	3.88	670.80	7.05	17510.07	17627.93	363914.00	-7536.30	-83411.60	5475942.70	125.78	486.21	101.10	100.30	101.80	108.80	99.40	103.70	105.40	103.30	272.75	255.21	13.84	3.70	7.14	240793.00	-3579.57	-86217.11	-1.57	19.74	27.28	-7.54	1685681.28	2035002.49	-349321.22	462159.80
2T14	0.40	0.47	0.25	0.36	0.52	0.04	0.33	-0.63	-0.74	-0.67	0.66	0.53	0.73	0.71	0.61	0.56	0.82	0.41	6475.22	7314.38	6871.53	10.78	3427.85	3316.60	3876.06	222858.60	147571632.00	167876.97	628926415.00	169699.06	2061091.34	4101325.34	4428178.55	3.87	354.10	3.76	18119.23	20466.92	373516.00	-4723.40	-86344.20	5575643.60	107.37	478.33	96.10	100.90	95.30	92.20	97.20	95.40	75.80	100.10	215.93	205.20	8.19	2.54	5.86	263557.00	2100.48	-68528.21	-1.23	20.38	27.12	-6.74	1755147.00	2067282.13	-312135.13	458516.50
3T14	0.57	0.39	0.40	0.66	0.59	0.21	0.49	0.02	0.20	0.31	0.15	0.43	0.58	0.55	0.57	0.54	0.91	0.41	6645.25	7434.50	7007.94	11.24	3505.14	3390.37	3970.23	238409.38	155524579.00	169747.23	645474104.00	170413.24	2110060.14	4306043.94	4641249.96	3.78	-25.60	-11.70	20559.44	19616.60	375513.00	-8016.30	-89481.00	5683636.60	118.92	474.53	99.30	106.20	98.00	102.20	97.20	100.20	96.90	102.00	300.81	286.24	11.79	2.78	7.26	296286.00	25490.99	-31055.01	-0.55	20.80	28.24	-7.44	1822791.46	2169109.96	-346318.50	476520.60
4T14	0.78	0.79	0.43	0.62	1.11	0.30	0.75	0.38	0.62	0.98	0.08	0.50	0.87	0.73	0.68	0.49	0.96	0.41	6816.50	7588.81	7165.50	12.60	3585.12	3459.38	4065.92	263528.52	178251606.00	185709.70	664847301.00	185109.93	2186471.97	4438289.48	4774925.27	3.55	-7.80	-8.62	17197.72	17490.74	363551.00	-9415.40	-101431.10	5778953.00	112.95	467.34	95.30	107.50	94.70	81.50	97.10	96.30	90.30	98.40	203.84	199.53	3.70	604.00	3.80	370001.00	12894.24	32535.92	0.56	20.78	29.15	-8.37	1883146.99	2277813.14	-394666.15	499867.70
1T15	1.32	1.24	3.36	0.57	0.81	0.70	1.41	1.21	0.98	0.83	0.62	0.66	0.57	1.34	0.78	0.76	1.04	0.45	7005.15	7713.56	7312.16	13.37	3706.43	3610.33	4180.93	240656.35	161628667.00	163630.08	652549189.00	166300.29	2183104.35	4475838.27	4836693.75	3.55	25.00	-0.84	16518.67	16978.97	362744.00	-5759.10	-97567.40	5849844.40	106.86	488.12	94.90	111.30	92.70	85.60	96.50	93.30	85.40	95.90	255.07	244.91	7.37	2.79	6.00	234658.00	-239.36	39164.49	0.67	19.49	29.84	-10.35	1847658.07	2344741.26	-497083.18	501752.20
2T15	0.79	0.99	1.12	0.68	0.69	0.47	0.82	0.68	0.67	0.57	1.84	0.71	0.68	0.89	0.77	0.72	1.07	0.49	7198.09	7964.60	7536.69	14.23	3884.03	3717.31	4433.08	231958.72	158752497.00	154041.83	648879274.00	159866.80	2200717.40	4563586.14	4951069.51	3.74	-246.40	0.61	15099.38	19628.44	368668.00	-3144.70	-90239.50	5907686.90	90.58	476.26	91.20	109.50	88.90	73.70	94.10	90.40	73.30	94.80	187.19	180.10	5.28	1.80	3.63	212522.00	9323.15	45692.00	0.77	20.96	30.39	-9.42	1962809.11	2414053.43	-451244.32	486647.50
3T15	0.54	0.39	0.92	0.46	0.38	0.66	0.42	1.42	0.95	0.61	0.22	0.59	0.55	0.55	0.69	0.64	1.11	0.53	7435.70	7707.88	7494.05	15.11	3710.20	3795.51	4085.85	228447.46	159475550.00	148631.16	646378452.00	149466.00	2233749.00	4636253.68	5087639.84	3.92	-76.80	-3.36	13202.28	16148.18	361370.00	-2271.90	-76376.60	5953780.30	85.53	469.93	88.30	108.90	86.20	71.00	90.60	89.10	71.50	95.10	173.81	166.27	5.82	1.73	5.08	200075.00	7318.33	25672.81	0.43	18.88	33.24	-14.36	1906018.88	2625743.76	-719724.87	496004.70
4T15	0.96	1.18	0.53	0.91	1.26	0.82	0.88	0.44	0.49	0.81	0.10	0.79	0.86	0.76	0.73	0.79	1.16	0.57	7703.33	7836.90	7676.04	15.18	3903.54	3994.10	4297.95	255288.92	185280417.00	161692.07	659005512.00	161940.17	2334143.09	4854978.07	5312283.12	4.22	-532.50	-3.93	10543.23	16783.23	356464.00	783.40	-54472.20	5995787.00	87.17	457.11	84.70	95.50	83.70	55.90	86.40	87.30	66.60	93.70	141.80	138.68	2.58	541.00	911.00	227724.00	71728.73	111248.87	1.86	21.90	35.52	-13.62	2136888.00	2818760.17	-681872.16	521918.70
1T16	0.43	0.43	-0.36	0.89	0.51	0.97	0.50	0.43	0.51	0.58	0.64	0.63	0.42	0.23	0.48	0.61	1.16	0.60	8014.57	8722.89	8286.17	14.03	4284.15	4207.69	4840.20	242529.93	165467548.00	146901.36	647003070.00	148210.09	2301406.92	4953973.84	5389752.47	4.44	400.40	16.97	11560.72	15991.81	357698.00	-1461.90	-37639.30	6038433.30	89.31	495.97	85.50	94.10	84.20	67.60	87.00	86.90	66.00	94.30	200.35	193.04	5.66	1.65	2.93	179279.00	10643.53	136022.04	2.25	25.40	37.91	-12.51	2314842.91	2946205.56	-631362.66	516985.90
2T16	0.35	0.40	0.24	0.56	0.24	0.65	0.26	1.63	1.69	1.42	1.93	0.49	0.29	0.39	0.49	0.59	1.16	0.60	8274.93	9371.15	8778.66	13.94	4533.79	4347.01	5192.83	234678.11	165291611.00	144587.71	640680041.00	150166.52	2328060.31	5042395.16	5492324.10	4.55	299.90	6.30	12769.49	16738.07	364152.00	-2621.90	-27306.70	6116588.00	98.05	485.75	84.90	95.80	83.70	69.70	86.70	86.40	66.00	92.50	186.25	178.86	5.57	1.82	4.66	171802.00	10061.41	151248.52	2.47	28.55	39.04	-10.49	2529703.02	3057920.54	-528217.52	536459.30
3T16	0.08	0.23	0.37	-0.04	0.01	-0.14	0.07	0.03	0.20	0.36	0.33	0.36	0.16	0.19	0.30	0.34	1.11	0.60	8561.23	9814.49	9157.45	13.34	4762.31	4510.28	5503.56	247035.95	171980674.00	148877.46	645433350.00	151306.40	2351620.45	5205671.45	5652149.89	4.59	-54.30	0.80	11987.44	15800.12	370417.00	-1293.40	-22937.20	6185592.60	106.95	480.78	84.50	98.50	83.30	67.70	86.90	85.40	66.50	91.70	172.11	165.12	4.85	2.14	5.17	159953.00	26642.64	188327.22	3.04	30.68	41.64	-10.96	2699869.47	3262694.71	-562825.23	509975.00
4T16	0.30	0.19	-0.01	0.32	0.47	0.72	0.33	0.83	0.54	0.20	0.35	0.46	0.53	0.31	0.40	0.37	1.12	0.60	8837.11	10159.38	9470.04	12.45	4872.03	4612.45	5631.98	270287.15	191973469.00	166171.51	669286299.00	171055.08	2446065.75	5370570.89	5831877.73	4.44	-29.40	-2.71	11525.48	15940.64	365016.00	-4441.80	-24230.00	6269328.00	110.73	478.96	85.30	102.30	83.40	67.50	85.90	86.70	71.60	91.50	201.14	196.07	4.10	973.00	5.70	204346.00	70737.36	155790.61	2.48	33.34	44.14	-10.80	2892913.46	3453813.69	-560900.25	565780.50
1T17	0.25	0.15	0.48	-0.10	0.41	0.14	0.47	-0.38	0.01	0.05	0.16	0.37	0.14	0.42	0.25	0.28	1.05	0.60	9142.86	10851.16	10030.01	10.32	5207.86	4801.27	6102.16	243610.35	172723627.00	151341.75	662919497.00	152547.05	2413002.77	5507791.84	5936525.99	4.36	458.40	-2.52	12937.67	20073.94	370111.00	711.20	-22169.60	6359059.30	109.38	505.02	85.60	102.30	83.60	68.60	87.10	86.90	70.20	92.40	236.57	228.93	5.95	1.69	5.34	189105.00	11046.96	147822.63	2.32	35.05	45.64	-10.59	3020614.70	3581710.48	-561095.78	544312.90
2T17	-0.23	0.16	-0.83	-0.24	0.14	0.05	-0.32	-0.96	-0.67	-0.62	0.93	0.20	0.22	0.08	0.24	0.28	0.81	0.57	9389.12	11070.55	10250.79	8.96	5137.85	4864.82	5941.60	260238.97	176529399.00	153986.84	678744382.00	157053.07	2497091.46	5518949.60	5978559.45	4.15	197.70	0.30	12595.23	19779.12	377175.00	431.20	-17556.80	6434425.00	100.06	504.32	86.90	102.00	85.00	72.60	88.30	87.80	72.60	92.50	214.84	205.81	6.80	2.24	5.18	194796.00	19552.38	167198.22	2.60	35.88	47.20	-11.32	3112891.52	3723509.93	-610618.41	556787.60
3T17	0.16	0.11	0.24	0.00	0.25	0.02	-0.02	0.62	0.47	0.39	0.06	0.28	0.37	0.13	0.26	0.24	0.64	0.57	9644.45	11700.86	10754.87	7.19	5513.04	5117.06	6455.25	262770.31	178674701.00	154891.47	697406903.00	156549.49	2529390.34	5677639.43	6092331.52	4.09	1732.50	4.88	13488.33	18659.34	381244.34	-705.20	-15751.20	6504880.90	99.67	503.71	87.60	100.20	86.50	74.10	89.00	89.40	79.60	92.60	239.76	230.48	7.60	1.69	4.12	199217.00	21259.45	152398.89	2.34	38.28	48.88	-10.60	3298061.18	3874139.76	-576078.60	528871.20
4T17	0.44	0.35	0.21	0.49	0.54	0.55	0.21	0.74	0.89	0.90	0.07	0.33	0.55	0.29	0.49	0.46	0.54	0.57	9819.73	11853.18	10909.32	6.67	5495.36	5192.59	6350.06	296755.46	203909637.00	176316.78	727981354.00	179929.93	2581696.30	5770354.87	6226509.35	3.84	726.70	6.16	12597.52	17595.29	373972.02	-2696.80	-15014.50	6583319.00	109.46	499.66	91.10	98.80	90.80	77.60	91.40	93.40	90.40	94.70	219.70	210.94	7.44	1.32	2.60	212620.00	32321.46	110582.68	1.68	38.49	49.76	-11.27	3382942.20	4001076.80	-618134.58	588892.80
1T18	0.09	0.10	0.23	-0.13	0.18	0.00	0.17	0.56	0.64	0.45	0.24	0.25	0.10	0.13	0.19	0.26	0.53	0.55	9996.65	12385.99	11320.66	6.22	5766.89	5375.92	6726.99	275056.18	185031942.00	164339.31	734825268.00	170388.01	2610244.31	5858214.64	6285845.76	3.72	553.80	0.01	13808.69	20228.66	379576.89	-2269.40	-22801.20	6651938.30	115.64	506.29	89.30	100.80	87.90	79.70	88.70	92.10	85.40	94.30	267.54	254.76	9.95	2.83	5.37	207353.00	25135.28	108388.69	1.63	39.25	50.41	-11.17	3463387.26	4081950.10	-618562.83	560120.70
2T18	1.26	1.11	2.49	1.39	0.38	1.01	1.19	1.48	1.87	1.86	0.97	0.46	0.23	0.63	0.58	0.42	0.52	0.53	10121.96	12098.04	11167.59	6.81	5558.96	5338.40	6304.91	269827.76	187373801.00	168872.82	752524350.00	171743.09	2687682.37	5937930.94	6476692.98	3.46	-985.30	-5.20	14324.85	20114.05	379500.37	-1450.20	-29484.40	6722989.30	104.00	495.97	90.10	101.90	88.50	80.60	90.00	92.70	85.10	95.30	256.31	244.73	8.64	2.94	5.31	201963.00	13491.20	89823.41	1.34	37.94	51.24	-13.31	3440673.55	4189975.48	-749301.92	580697.80
3T18	0.48	0.09	0.96	0.20	0.40	0.39	0.45	1.79	1.52	1.20	0.23	0.37	0.39	0.32	0.36	0.28	0.47	0.53	10295.57	12325.04	11372.30	7.13	5653.74	5451.22	6402.51	279406.91	195138475.00	175323.33	779246716.00	176292.22	2768549.99	6107351.56	6642738.04	3.44	-146.50	3.48	14115.91	19187.20	380738.08	-1327.30	-37581.60	6812244.10	106.79	493.25	87.00	98.70	86.10	79.60	87.50	89.70	79.10	92.90	223.08	211.72	9.12	2.25	5.75	213323.00	24621.18	87794.46	1.29	38.69	52.80	-14.11	3543584.89	4356057.68	-812472.79	556776.60
4T18	0.15	-0.16	-0.89	0.13	0.84	0.09	0.29	-0.45	-1.08	-1.23	0.13	0.36	0.52	0.35	0.30	0.38	0.49	0.56	10504.61	13307.22	12080.13	6.45	6212.98	5704.86	7328.30	302049.46	218156668.00	187988.86	800889430.00	192069.57	2851295.64	6327699.49	6760860.12	3.25	221.20	-1.81	12916.75	19345.02	374714.80	-6115.80	-41539.70	6889176.10	127.80	491.83	87.70	104.00	85.80	74.00	88.30	89.10	78.80	92.30	177.50	169.02	7.38	1.11	5.54	234505.00	41132.97	108258.20	1.57	40.12	53.13	-13.01	3695837.31	4444586.68	-748749.36	603155.20
1T19	0.75	0.54	0.75	0.51	0.94	0.51	0.65	1.07	1.26	1.40	0.31	0.32	0.39	0.30	0.37	0.33	0.47	0.57	10664.90	13650.99	12355.76	6.48	6557.49	5870.03	7889.65	286741.57	197339506.00	174510.16	796364767.00	180041.40	2826921.48	6316011.12	6786532.80	3.26	270.50	-0.18	13131.94	17693.08	384165.07	-2389.10	-41916.10	6957023.00	125.53	506.02	86.60	86.60	86.30	76.90	86.10	89.70	81.50	92.20	240.76	230.77	8.32	1.67	4.46	209148.00	18629.24	99312.17	1.43	40.66	53.58	-12.92	3755155.04	4507440.37	-752285.35	579230.20
2T19	0.01	0.06	-0.19	0.11	0.06	0.15	-0.02	0.63	0.80	0.49	0.88	0.20	0.21	0.26	0.20	0.20	0.47	0.51	10853.52	14418.13	12923.40	6.00	7157.77	6120.40	8876.00	276039.96	196040586.00	174595.62	804274578.00	180590.31	2882284.88	6462044.54	6884537.43	3.15	717.40	4.06	13028.69	18048.79	388092.40	-3009.50	-44044.00	7048126.60	107.38	502.20	86.40	86.90	85.90	79.10	85.70	90.00	82.30	92.20	233.15	220.78	9.99	2.38	4.42	223191.00	12706.22	99573.96	1.41	41.47	53.96	-12.50	3859838.72	4597062.43	-737223.70	598318.60
3T19	-0.04	0.09	0.12	0.14	-0.29	0.00	0.00	0.50	-0.01	-0.29	0.46	0.20	0.07	0.06	0.08	0.13	0.46	0.48	11061.90	14889.54	13286.44	4.87	7427.37	6290.65	9273.86	281136.56	201808648.00	177771.11	821615885.00	180675.92	2949736.07	6652288.24	7098475.49	3.31	1233.70	3.57	16495.27	20259.59	376434.04	-2749.00	-47506.30	7153301.80	112.19	501.35	87.40	95.90	86.80	78.70	87.00	91.60	83.90	94.00	247.44	234.62	10.41	2.41	4.80	234841.00	20540.69	91427.90	1.28	41.16	54.62	-13.46	3907735.44	4715020.47	-807285.04	599508.90
4T19	1.15	1.05	0.35	1.94	1.01	0.94	0.77	1.74	2.09	1.69	0.21	0.36	0.55	0.28	0.69	0.51	0.37	0.45	11214.62	15201.93	13533.39	4.33	7638.88	6455.29	9553.83	316586.71	228309144.00	206521.04	849347597.00	219412.64	3099422.44	6813474.03	7256443.85	3.15	1150.00	6.85	12556.00	18503.00	356884.09	-5340.10	-49451.70	7256881.40	121.26	492.45	86.10	90.70	85.70	68.30	85.80	89.30	79.00	92.70	262.56	163.34	5.59	1.19	2.29	262557.00	13512.65	61871.86	0.85	42.42	54.25	-11.84	4041768.78	4750944.13	-709175.36	639577.80
1T20	0.07	0.02	-0.22	0.14	0.18	0.10	0.34	1.64	1.24	0.64	0.26	0.31	-0.10	0.04	0.12	0.17	0.34	0.41	11375.30	15420.82	13726.24	3.24	7156.88	6418.25	8539.53	307560.25	214530494.00	197109.06	852591737.00	206056.06	3178116.86	6852587.82	7265331.75	3.37	745.30	-29.90	14519.00	18807.00	343164.78	868.10	-49650.90	7341776.40	124.58	512.86	79.80	86.80	78.20	65.90	83.90	76.70	62.90	81.30	163.62	179.56	8.40	1.99	4.27	163621.00	23655.32	63489.70	0.86	37.91	54.15	-16.24	3797395.57	4798286.04	-1000890.47	605349.70
2T20	0.26	0.02	0.89	0.43	-0.22	0.39	0.36	1.60	1.36	1.55	0.34	0.19	-0.05	0.03	0.24	0.21	0.01	4.94	11505.82	16118.78	14191.54	2.07	7511.80	6659.90	8876.00	381680.00	270539065.00	269897.04	947378241.00	243896.33	3623421.81	7392916.55	7824878.40	23.76	797.30	8.76	10449.00	17609.00	348780.92	3895.50	-43154.60	7195359.80	100.43	513.79	78.30	86.80	75.30	57.40	79.90	76.00	49.00	84.40	107.65	98.45	5.58	1.39	3.32	132826.00	188681.51	458834.69	34.07	43.63	61.76	-18.13	3139436.80	4443648.91	-1304212.11	553829.30
